100
279 28
824 54
2 50
319 10
509 10
81 39
2 98
930 46
355 11
918 38
13 37
959 86
911 80
642 34
712 1
838 46
950 95
924 39
500 44
451 5
885 57
1000 1
173 90
424 35
289 65
555 27
598 42
40 62
964 38
635 54
494 92
285 29
1000 96
239 20
2 4
2 97
270 26
755 11
440 28
5 75
758 96
1000 4
582 60
950 71
289 48
397 40
921 39
70 56
772 5
2 1
2 95
1000 3
991 9
950 63
915 30
2 5
894 97
2 96
728 33
398 61
583 72
169 3
779 34
1000 98
2 2
169 55
565 89
665 37
656 95
1000 5
958 86
871 75
912 68
793 69
312 23
446 2
537 11
551 71
30 46
1000 99
320 75
875 93
226 22
808 71
3 10
1000 97
387 98
865 23
807 16
1000 95
906 56
758 85
837 81
2 3
432 88
132 90
24 85
2 99
1000 2
580 93
